
cos=-0.416147 
sen=0.909297 
exp=7.389056 
log=0.693147 
raiz=1.414214
cos=0.283662 
sen=-0.958924 
exp=148.413162 
log=1.609438 
raiz=2.236068
cos=-0.145500 
sen=0.989358 
exp=2980.958008 
log=2.079442 
raiz=2.828427
cos=0.004426 
sen=-0.999990 
exp=59874.140625 
log=2.397895 
raiz=3.316625